100
2 10.5 4.8
2 12.3 5.1
2 11.7 5.0
2 11.0 4.6
2 14.4 6.0
1 9.5 3.6
2 14.3 5.8
1 9.5 3.8
1 11.2 4.0
0 6.7 4.2
1 10.5 4.4
0 6.3 3.2
2 11.9 4.7
0 6.6 3.2
1 10.1 4.5
1 11.2 4.2
0 5.7 3.4
1 9.8 4.1
2 11.0 4.8
1 10.1 4.5
1 9.8 3.8
1 11.7 4.7
1 9.9 4.2
2 12.3 5.5
0 6.4 3.8
1 11.0 4.4
0 6.2 3.1
1 11.0 4.9
0 6.9 3.9
0 6.8 3.7
1 11.1 4.3
2 11.3 4.4
0 6.9 3.8
1 10.8 4.0
1 9.9 4.5
0 6.1 3.3
0 7.0 4.2
2 14.4 4.8
0 6.7 3.6
1 9.7 4.3
1 9.9 4.2
1 11.1 4.5
0 6.3 3.7
2 12.3 5.8
1 10.7 4.4
1 11.1 4.3
1 10.7 4.2
0 6.3 3.4
0 6.2 3.3
0 6.4 3.3
1 11.8 4.6
2 11.0 3.7
1 9.5 3.6
0 5.4 3.1
1 8.3 3.3
0 6.6 4.1
1 8.2 3.4
0 6.5 3.6
0 6.7 4.3
0 6.7 3.7
2 14.6 4.9
2 11.4 4.3
1 8.5 3.0
0 6.6 4.1
2 11.2 4.5
2 14.2 5.1
0 7.1 4.3
2 11.9 5.8
1 11.4 4.6
0 6.8 3.8
2 11.7 4.0
0 6.6 3.6
1 9.3 3.5
2 10.7 4.5
1 9.8 4.0
2 11.6 5.7
0 7.4 4.1
1 10.8 4.3
1 10.5 5.0
0 6.4 3.3
0 6.7 4.0
2 13.6 4.7
0 6.9 4.4
2 10.9 4.6
2 11.7 5.5
0 6.2 3.4
2 10.9 5.2
1 10.7 5.0
2 13.0 4.6
1 11.7 4.6
2 11.0 4.8
1 10.7 3.6
0 6.8 3.9
0 6.0 3.4
1 10.9 4.7
2 12.3 5.2
2 12.0 4.8
1 9.2 4.2
0 6.6 3.6
1 10.0 3.2